rgb = [0.164   0.043   0.850; ...
       0.150   0.306   1.000; ...
       0.250   0.630   1.000; ...
       0.450   0.853   1.000; ...
       0.670   0.973   1.000; ...
       0.880   1.000   1.000; ...
       1.000   1.000   0.750; ...
       1.000   0.880   0.600; ...
       1.000   0.679   0.450; ...
       0.970   0.430   0.370; ...
       0.850   0.150   0.196; ...
       0.650   0.000   0.130];
r = rgb(:,1);
g = rgb(:,2);
b = rgb(:,3);
