rgb = [255 245 235;...
       255 255 170;...
       255 255 85 ;...
       255 255 0  ;...
       255 170 0  ;...
       255 85  0  ;...
       255 0   0  ;...
       170 0   0  ;...
       85  0   0]/255; 
r = rgb(:,1);
g = rgb(:,2);
b = rgb(:,3);
