rgb = [255 255 217;...
       237 248 217;...
       199 233 180;...
       127 205 187;...
       65  182 196;...
       29  145 192;...
       34  94  168;...
       37  52  148;...
       8   29  88]/255; 
r = rgb(:,1);
g = rgb(:,2);
b = rgb(:,3);
